0 1 7
0 3 3
0 4 2
0 5 1
0 6 8
0 7 9
0 8 10
0 9 1
0 11 8
0 12 8
0 14 7
1 2 2
1 5 9
1 6 5
1 7 4
1 11 4
1 15 9
1 18 2
2 4 5
2 5 10
2 8 3
2 9 10
2 12 2
2 13 9
2 17 9
3 5 2
3 6 7
3 10 8
3 12 10
3 13 4
3 14 3
3 17 1
4 5 1
4 6 3
4 8 7
4 9 6
4 10 5
4 17 1
5 7 5
5 9 5
5 10 5
5 11 8
5 12 1
5 15 1
5 18 6
5 19 2
6 7 10
6 8 8
6 9 8
6 10 10
6 11 9
6 12 3
6 17 7
7 9 3
7 15 10
7 16 10
7 17 10
7 18 9
8 13 1
8 16 2
8 18 8
8 19 3
9 10 8
9 14 7
9 16 9
9 17 1
10 11 9
10 12 3
10 15 8
10 16 9
10 18 7
10 19 8
11 14 8
11 17 1
11 18 10
12 13 2
12 16 4
12 18 1
12 19 7
13 14 8
13 16 9
13 17 6
13 19 4
14 17 7
14 19 7
15 16 1
15 17 10
15 18 9
15 19 9
16 17 4
16 19 4
17 18 1
17 19 10
